

TREE # 1

  0  0.0000   2212.151551  x:  0.08940   0.09803   0.07673   0.05709   0.02927   0.02797   0.00812   0.00000   0.03673   0.01605   0.04588   0.06597   0.00659   0.03209   0.03315   0.01737   0.01847   0.02638   0.03069   0.00736   0.04260   0.00415   0.00438   0.01071   0.01670   0.01620   0.03048   0.00732   0.00881   0.02184   0.01878   0.01575   0.02118   0.04103   0.04638   0.05824   0.02070   0.00858   0.01393   0.00565   0.02407   0.02191   0.00506   0.00401   0.02121   0.02592   0.01846   0.00312   0.01532   0.01325   0.00939   0.01337   0.04974   0.00680   0.02173   0.03077   0.01802   0.01638   0.01425   0.00585   0.02130   0.03305   0.03460   0.20179   2.00000   0.20000  
  1 99.0000   2206.684270  x:  0.08956   0.09846   0.07714   0.05839   0.03069   0.02938   0.00956   0.01400   0.03628   0.01498   0.04622   0.06660   0.00663   0.03278   0.03253   0.01502   0.01981   0.02725   0.03005   0.00729   0.04219   0.00723   0.00635   0.00929   0.01789   0.01682   0.03009   0.00669   0.00662   0.02184   0.01858   0.01441   0.02000   0.04192   0.04611   0.05881   0.02056   0.00779   0.01190   0.00375   0.02441   0.02166   0.00202   0.00096   0.02104   0.02644   0.01756   0.00000   0.01485   0.01165   0.00842   0.01180   0.04911   0.00667   0.02032   0.03049   0.01834   0.01603   0.01398   0.00615   0.02200   0.03241   0.03430   0.20209   2.00062   0.20197  
  2 847.5988   2205.705388  x:  0.08962   0.09859   0.07726   0.05876   0.03107   0.02977   0.00956   0.01384   0.03604   0.01483   0.04624   0.06670   0.00660   0.03289   0.03244   0.01428   0.02014   0.02752   0.02984   0.00732   0.04205   0.00751   0.00654   0.00888   0.01820   0.01698   0.02996   0.00661   0.00597   0.02184   0.01853   0.01403   0.01967   0.04217   0.04603   0.05898   0.02052   0.00761   0.01134   0.00324   0.02450   0.02160   0.00106   0.00000   0.02099   0.02659   0.01731   0.00000   0.01473   0.01122   0.00820   0.01136   0.04893   0.00664   0.01990   0.03041   0.01842   0.01593   0.01391   0.00619   0.02219   0.03222   0.03421   0.20218   2.00081   0.20255  
  3 508.8894   2205.215778  x:  0.08966   0.09870   0.07735   0.05903   0.03124   0.02994   0.00957   0.01389   0.03587   0.01480   0.04625   0.06678   0.00665   0.03295   0.03237   0.01357   0.02021   0.02766   0.02965   0.00745   0.04187   0.00721   0.00633   0.00878   0.01830   0.01696   0.02980   0.00715   0.00539   0.02184   0.01851   0.01378   0.01949   0.04232   0.04597   0.05913   0.02050   0.00780   0.01123   0.00326   0.02454   0.02159   0.00000   0.00000   0.02098   0.02665   0.01722   0.00000   0.01472   0.01113   0.00833   0.01126   0.04878   0.00668   0.01957   0.03037   0.01843   0.01593   0.01392   0.00611   0.02221   0.03210   0.03416   0.20227   2.00102   0.20304  
  4 574.5629   2203.388171  x:  0.08999   0.09940   0.07786   0.06031   0.03155   0.03024   0.00985   0.01369   0.03494   0.01502   0.04633   0.06731   0.00664   0.03317   0.03206   0.00842   0.02051   0.02738   0.02875   0.00705   0.04081   0.00789   0.00742   0.00924   0.01923   0.01659   0.02773   0.01055   0.00000   0.02241   0.01791   0.01281   0.01894   0.04288   0.04566   0.06009   0.02046   0.00818   0.01151   0.00456   0.02460   0.02166   0.00000   0.00000   0.02100   0.02671   0.01725   0.00000   0.01496   0.01157   0.00891   0.01161   0.04789   0.00659   0.01770   0.03024   0.01831   0.01613   0.01409   0.00647   0.02198   0.03157   0.03391   0.20287   2.00273   0.20609  
  5 626.2481   2201.881871  x:  0.09045   0.10037   0.07842   0.06111   0.03110   0.02980   0.01209   0.01355   0.03402   0.01523   0.04639   0.06795   0.00665   0.03320   0.03184   0.00000   0.02194   0.02568   0.02797   0.00781   0.03951   0.00837   0.00529   0.00954   0.02211   0.01667   0.02228   0.01421   0.00000   0.02432   0.01581   0.01289   0.01900   0.04307   0.04589   0.06141   0.02048   0.00659   0.01127   0.00591   0.02443   0.02174   0.00000   0.00000   0.02108   0.02648   0.01765   0.00000   0.01505   0.01225   0.00783   0.01230   0.04690   0.00661   0.01573   0.03029   0.01822   0.01636   0.01407   0.00579   0.02173   0.03129   0.03372   0.20383   2.00605   0.21019  
  6 455.4322   2201.427762  x:  0.09091   0.10147   0.07896   0.06074   0.03059   0.02928   0.01690   0.01321   0.03337   0.01501   0.04643   0.06855   0.00714   0.03338   0.03152   0.00000   0.02353   0.02385   0.02740   0.00732   0.03849   0.00543   0.00752   0.00920   0.02268   0.01711   0.01729   0.01579   0.00000   0.02678   0.01337   0.01394   0.01913   0.04308   0.04756   0.06283   0.02049   0.00782   0.00962   0.00637   0.02433   0.02168   0.00000   0.00000   0.02108   0.02631   0.01771   0.00000   0.01480   0.01197   0.00798   0.01213   0.04605   0.00691   0.01434   0.03040   0.01836   0.01629   0.01388   0.00624   0.02198   0.03122   0.03360   0.20503   2.01094   0.21462  
  7 119.2867   2200.743489  x:  0.09171   0.10365   0.08002   0.05949   0.03012   0.02882   0.02176   0.01215   0.03255   0.01449   0.04650   0.06957   0.00652   0.03449   0.03022   0.00000   0.02378   0.02148   0.02747   0.00793   0.03751   0.01023   0.00618   0.00756   0.01886   0.01697   0.01632   0.01813   0.00000   0.03014   0.01207   0.01611   0.01879   0.04328   0.05156   0.06546   0.02043   0.01127   0.00604   0.00753   0.02451   0.02152   0.00000   0.00000   0.02097   0.02637   0.01717   0.00000   0.01458   0.01075   0.01109   0.01095   0.04470   0.00659   0.01273   0.03042   0.01857   0.01599   0.01394   0.00636   0.02250   0.03107   0.03342   0.20763   2.02286   0.22310  
  8 90.4716   2198.675080  x:  0.09339   0.10887   0.08282   0.05850   0.02977   0.02847   0.02185   0.01160   0.03110   0.01456   0.04679   0.07173   0.00552   0.03747   0.02676   0.00000   0.02109   0.02399   0.02675   0.00706   0.03523   0.01025   0.00964   0.00805   0.01851   0.01594   0.02358   0.02105   0.00000   0.03333   0.01578   0.01866   0.01711   0.04438   0.05865   0.07108   0.02018   0.00519   0.00000   0.01374   0.02515   0.02152   0.00000   0.00000   0.02081   0.02684   0.01618   0.00000   0.01512   0.01029   0.00830   0.01011   0.04200   0.00607   0.01035   0.03003   0.01840   0.01602   0.01441   0.00556   0.02236   0.03028   0.03302   0.21439   2.05712   0.24290  
  9 135.9703   2196.233155  x:  0.09477   0.11463   0.08634   0.06126   0.03183   0.03052   0.01447   0.01135   0.02961   0.01433   0.04707   0.07371   0.00999   0.03923   0.02557   0.00000   0.02121   0.02975   0.02479   0.00839   0.03346   0.01333   0.01109   0.00599   0.02668   0.01792   0.02595   0.01426   0.00000   0.03004   0.01578   0.01567   0.01463   0.04664   0.06243   0.07615   0.01984   0.01351   0.00000   0.02008   0.02568   0.02137   0.00000   0.00000   0.02065   0.02777   0.01528   0.00000   0.01448   0.00959   0.00354   0.00949   0.04003   0.00786   0.00966   0.02909   0.01866   0.01589   0.01367   0.01261   0.02283   0.02872   0.03246   0.22297   2.10787   0.26505  
 10 242.2262   2194.181543  x:  0.09531   0.11821   0.08877   0.06554   0.03470   0.03340   0.00847   0.01134   0.02858   0.01379   0.04719   0.07472   0.00870   0.03906   0.02675   0.00000   0.02398   0.03382   0.02252   0.00869   0.03213   0.01464   0.01343   0.00300   0.03236   0.01946   0.02396   0.00590   0.00000   0.02460   0.01479   0.00957   0.01345   0.04865   0.06183   0.07856   0.01961   0.01337   0.00000   0.02047   0.02587   0.02106   0.00000   0.00000   0.02051   0.02852   0.01475   0.00000   0.01361   0.00850   0.01345   0.00863   0.03941   0.00661   0.00944   0.02832   0.01910   0.01551   0.01295   0.01267   0.02360   0.02740   0.03204   0.22913   2.15013   0.27966  
 11 503.1485   2192.014801  x:  0.09476   0.11864   0.08934   0.06964   0.03780   0.03650   0.00970   0.01073   0.02849   0.01312   0.04708   0.07440   0.00619   0.03711   0.02960   0.00000   0.02624   0.03546   0.02148   0.01030   0.03158   0.01654   0.01673   0.00000   0.03060   0.01969   0.02238   0.00770   0.00000   0.01878   0.01554   0.00399   0.01398   0.04983   0.05740   0.07755   0.01953   0.01429   0.00000   0.01435   0.02591   0.02067   0.00000   0.00000   0.02038   0.02904   0.01437   0.00000   0.01312   0.00725   0.01174   0.00748   0.04042   0.00634   0.01001   0.02799   0.01953   0.01494   0.01296   0.01044   0.02457   0.02692   0.03193   0.23143   2.17611   0.28311  
 12 286.6689   2190.544992  x:  0.09398   0.11843   0.08970   0.07620   0.04229   0.04099   0.00859   0.01038   0.02757   0.01259   0.04700   0.07406   0.00676   0.03518   0.03188   0.00000   0.02889   0.03726   0.01975   0.01336   0.02918   0.01826   0.02046   0.00000   0.02763   0.01947   0.02051   0.00858   0.00000   0.01532   0.01575   0.00962   0.01342   0.05186   0.04977   0.07582   0.01938   0.01497   0.00000   0.00535   0.02626   0.02033   0.00000   0.00000   0.02018   0.02992   0.01355   0.00000   0.01299   0.00673   0.01093   0.00670   0.04099   0.00651   0.00834   0.02751   0.01990   0.01453   0.01312   0.00790   0.02556   0.02593   0.03156   0.23301   2.20268   0.28536  
 13 455.3629   2189.587045  x:  0.09292   0.11677   0.08905   0.08347   0.04682   0.04552   0.01150   0.01001   0.02637   0.01229   0.04694   0.07359   0.00875   0.03442   0.03188   0.00000   0.03046   0.03779   0.01911   0.01255   0.02616   0.01853   0.02002   0.00000   0.02239   0.01944   0.02125   0.00530   0.00000   0.02280   0.01501   0.00826   0.01169   0.05400   0.04032   0.07321   0.01921   0.01383   0.00000   0.00472   0.02725   0.02045   0.00000   0.00000   0.01991   0.03102   0.01251   0.00000   0.01295   0.00648   0.00961   0.00654   0.04080   0.00671   0.00668   0.02734   0.02022   0.01440   0.01297   0.00815   0.02665   0.02530   0.03107   0.23258   2.22458   0.28355  
 14 178.1585   2189.338678  x:  0.09261   0.11601   0.08858   0.08570   0.04832   0.04701   0.01151   0.00995   0.02625   0.01195   0.04694   0.07348   0.00819   0.03489   0.03107   0.00000   0.03133   0.03775   0.01942   0.01199   0.02589   0.01839   0.02009   0.00000   0.02195   0.02021   0.02151   0.00641   0.00000   0.02404   0.01444   0.00893   0.01183   0.05464   0.03810   0.07243   0.01915   0.01344   0.00322   0.00588   0.02758   0.02040   0.00000   0.00000   0.01981   0.03142   0.01234   0.00000   0.01252   0.00568   0.00969   0.00580   0.04055   0.00656   0.00787   0.02740   0.02048   0.01423   0.01263   0.00909   0.02727   0.02532   0.03093   0.23217   2.23353   0.28251  
 15 168.6789   2188.892385  x:  0.09225   0.11431   0.08723   0.08991   0.05057   0.04926   0.01056   0.00995   0.02617   0.01201   0.04703   0.07360   0.00677   0.03735   0.02754   0.00000   0.03202   0.03682   0.02067   0.00997   0.02608   0.01768   0.01996   0.00000   0.02256   0.02153   0.02278   0.00942   0.00000   0.02719   0.01333   0.00903   0.01255   0.05571   0.03561   0.07145   0.01911   0.01315   0.00251   0.00358   0.02798   0.02024   0.00000   0.00000   0.01974   0.03204   0.01282   0.00000   0.01222   0.00695   0.01037   0.00684   0.03924   0.00650   0.00990   0.02771   0.02069   0.01431   0.01227   0.01200   0.02798   0.02570   0.03070   0.23095   2.25531   0.28063  
 16 183.6308   2187.940246  x:  0.09229   0.11000   0.08312   0.09824   0.05245   0.05114   0.00990   0.00961   0.02653   0.01424   0.04737   0.07455   0.00825   0.04324   0.02072   0.00000   0.03029   0.03186   0.02216   0.01425   0.02816   0.01696   0.02334   0.00000   0.02377   0.01920   0.02307   0.01041   0.00000   0.02794   0.01429   0.00739   0.01324   0.05670   0.03591   0.07041   0.01931   0.01340   0.00294   0.00414   0.02766   0.02065   0.00000   0.00000   0.02024   0.03201   0.01448   0.00000   0.01501   0.00662   0.01070   0.00699   0.03602   0.00673   0.00591   0.02831   0.01949   0.01554   0.01461   0.01056   0.02626   0.02649   0.03074   0.22669   2.31350   0.27570  
 17 173.3975   2186.488660  x:  0.09337   0.10638   0.07924   0.10736   0.05249   0.05118   0.01133   0.00941   0.02564   0.01341   0.04773   0.07614   0.00841   0.04683   0.02256   0.00000   0.02709   0.02995   0.02027   0.01152   0.02775   0.01653   0.02406   0.00000   0.02381   0.01617   0.02263   0.01054   0.00000   0.02614   0.01527   0.00877   0.01065   0.05740   0.03774   0.07149   0.01937   0.01408   0.00000   0.00711   0.02722   0.02109   0.00000   0.00000   0.02038   0.03145   0.01280   0.00000   0.01430   0.00733   0.00961   0.00627   0.03401   0.00638   0.00737   0.02828   0.01877   0.01588   0.01390   0.00703   0.02379   0.02563   0.03043   0.22177   2.38302   0.27312  
 18 333.8282   2184.802818  x:  0.09595   0.10257   0.07440   0.11895   0.04965   0.04834   0.01302   0.00958   0.02500   0.01224   0.04803   0.07833   0.00606   0.04699   0.02834   0.00000   0.02416   0.03255   0.01834   0.01240   0.02523   0.01490   0.02428   0.00000   0.01940   0.01819   0.02343   0.01089   0.00000   0.02312   0.01614   0.01090   0.01505   0.05719   0.04066   0.07444   0.01939   0.01171   0.00000   0.01223   0.02696   0.02097   0.00000   0.00000   0.02004   0.03034   0.01292   0.00000   0.01294   0.00467   0.00881   0.00945   0.03532   0.00774   0.00278   0.02758   0.01953   0.01450   0.01315   0.01019   0.02363   0.02461   0.03046   0.21407   2.50252   0.27185  
 19 650.2277   2183.348591  x:  0.09914   0.10122   0.07156   0.12792   0.04530   0.04400   0.01457   0.00965   0.02460   0.01366   0.04811   0.08029   0.00904   0.04338   0.03080   0.00000   0.02374   0.03687   0.01801   0.01854   0.02217   0.01381   0.02623   0.00000   0.01444   0.02049   0.02408   0.01145   0.00000   0.02286   0.01721   0.01076   0.01790   0.05642   0.04331   0.07876   0.01940   0.00874   0.00000   0.01449   0.02709   0.02052   0.00000   0.00000   0.01974   0.02951   0.01473   0.00000   0.01476   0.00726   0.00893   0.00811   0.03805   0.00735   0.00853   0.02666   0.02050   0.01338   0.01505   0.01204   0.02551   0.02417   0.03091   0.20733   2.62490   0.27510  
 20 1023.6624   2180.788816  x:  0.10290   0.10279   0.07108   0.12838   0.03551   0.03421   0.01564   0.01028   0.02807   0.01538   0.04738   0.07984   0.00727   0.03117   0.02899   0.00000   0.02582   0.04222   0.02343   0.01676   0.02412   0.01115   0.02572   0.00000   0.01755   0.02034   0.02947   0.01310   0.00000   0.02781   0.01794   0.01146   0.01613   0.05191   0.04467   0.08239   0.01972   0.01206   0.00000   0.01126   0.02739   0.02005   0.00000   0.00000   0.01991   0.02868   0.01601   0.00000   0.01622   0.00691   0.00863   0.00325   0.04514   0.00447   0.00575   0.02637   0.02070   0.01370   0.01569   0.00869   0.02905   0.02749   0.03323   0.19948   2.79282   0.27903  
 21 679.1434   2179.786649  x:  0.10445   0.10494   0.07227   0.12508   0.03215   0.03085   0.01627   0.01044   0.02942   0.01524   0.04692   0.07897   0.00733   0.02630   0.02686   0.00000   0.02723   0.04393   0.02524   0.01594   0.02593   0.01025   0.02557   0.00000   0.01804   0.01952   0.03165   0.01311   0.00000   0.02913   0.01828   0.01096   0.01390   0.04975   0.04588   0.08388   0.01980   0.01292   0.00000   0.00833   0.02763   0.01993   0.00000   0.00000   0.02000   0.02881   0.01543   0.00000   0.01628   0.00553   0.00859   0.00929   0.04788   0.00776   0.00648   0.02638   0.02062   0.01367   0.01568   0.00585   0.03042   0.02876   0.03418   0.19680   2.87610   0.28253  
 22 1282.5567   2177.563664  x:  0.10490   0.11096   0.07768   0.10659   0.03256   0.03126   0.01670   0.01106   0.03073   0.01267   0.04603   0.07473   0.00805   0.02847   0.02399   0.00000   0.02675   0.04114   0.02460   0.01431   0.02999   0.00665   0.02145   0.00000   0.01437   0.01694   0.03142   0.01139   0.00000   0.02682   0.01790   0.00964   0.01439   0.04612   0.04809   0.08269   0.01982   0.01012   0.00000   0.00236   0.02731   0.02081   0.00000   0.00000   0.02034   0.02938   0.01343   0.00000   0.01404   0.01028   0.00731   0.00911   0.04988   0.00813   0.00443   0.02736   0.01945   0.01352   0.01422   0.01017   0.02866   0.02963   0.03489   0.19554   3.01260   0.28729  
 23 585.4859   2176.350299  x:  0.10460   0.11613   0.08271   0.08953   0.03470   0.03340   0.01764   0.01142   0.03166   0.01113   0.04532   0.07071   0.00804   0.03081   0.02142   0.00000   0.02713   0.03871   0.02436   0.01362   0.03301   0.00400   0.01880   0.00000   0.01235   0.01613   0.03140   0.01020   0.00000   0.02522   0.01761   0.00946   0.01522   0.04381   0.04859   0.08058   0.01978   0.00845   0.00921   0.00000   0.02738   0.02138   0.00000   0.00000   0.02046   0.03022   0.01235   0.00000   0.01259   0.01182   0.00616   0.00876   0.05120   0.00826   0.00400   0.02816   0.01894   0.01334   0.01334   0.01174   0.02774   0.03022   0.03524   0.19506   3.13205   0.29073  
 24 2645.8707   2174.298506  x:  0.10226   0.12049   0.08795   0.06759   0.03916   0.03786   0.02179   0.01135   0.03110   0.01375   0.04527   0.06676   0.00878   0.03692   0.02385   0.00000   0.02391   0.03702   0.02350   0.01379   0.03199   0.00324   0.01764   0.00000   0.01740   0.02017   0.03284   0.01042   0.00000   0.02773   0.01897   0.01037   0.01894   0.04429   0.04831   0.07600   0.01964   0.00852   0.00797   0.00000   0.02739   0.02124   0.00000   0.00000   0.02009   0.03058   0.01492   0.00000   0.01390   0.00442   0.00677   0.00792   0.05002   0.00820   0.00745   0.02872   0.01982   0.01383   0.01384   0.01007   0.02605   0.02933   0.03424   0.19615   3.25628   0.29102  
 25 845.2884   2173.819642  x:  0.10012   0.12148   0.08985   0.05893   0.04071   0.03941   0.02321   0.01110   0.03088   0.01328   0.04561   0.06620   0.00749   0.03806   0.02439   0.00000   0.02440   0.03898   0.02424   0.01470   0.03083   0.00381   0.01843   0.00000   0.01881   0.02299   0.03309   0.01013   0.00000   0.02793   0.01868   0.01058   0.01945   0.04603   0.04870   0.07328   0.01962   0.00914   0.00759   0.00000   0.02762   0.02056   0.00000   0.00000   0.01982   0.03065   0.01502   0.00000   0.01353   0.00856   0.00655   0.00806   0.04854   0.00919   0.00628   0.02875   0.02083   0.01391   0.01357   0.00728   0.02738   0.02896   0.03333   0.19828   3.30241   0.28963  
 26 425.8074   2173.170585  x:  0.09451   0.12136   0.09251   0.04982   0.03972   0.03842   0.02151   0.01113   0.03076   0.01190   0.04673   0.06801   0.00783   0.03647   0.02235   0.00000   0.02661   0.04220   0.02615   0.01492   0.02865   0.00432   0.01881   0.00000   0.01676   0.02166   0.02942   0.01090   0.00000   0.02704   0.01633   0.01042   0.01638   0.04967   0.04997   0.06821   0.01995   0.00730   0.00679   0.00000   0.02741   0.02010   0.00000   0.00000   0.02020   0.02982   0.01379   0.00000   0.01350   0.00666   0.00543   0.00870   0.04397   0.00669   0.00650   0.02922   0.02056   0.01586   0.01378   0.00812   0.02953   0.02914   0.03152   0.20551   3.36236   0.28418  
 27 212.9155   2172.796397  x:  0.09019   0.12117   0.09488   0.04932   0.03839   0.03708   0.02048   0.01120   0.03075   0.01362   0.04714   0.06998   0.00713   0.03481   0.02334   0.00000   0.02772   0.04210   0.02554   0.01416   0.02873   0.00533   0.01900   0.00000   0.01719   0.01980   0.02755   0.01098   0.00000   0.02819   0.01747   0.01030   0.01671   0.05017   0.05133   0.06600   0.01992   0.00603   0.00736   0.00000   0.02740   0.02090   0.00000   0.00000   0.02015   0.02975   0.01429   0.00000   0.01344   0.00640   0.00575   0.00649   0.04213   0.01132   0.00686   0.02987   0.01993   0.01478   0.01360   0.00977   0.02921   0.02932   0.03099   0.21348   3.39141   0.28027  
 28 137.5457   2172.154895  x:  0.08388   0.12154   0.09944   0.05352   0.03713   0.03582   0.01848   0.01132   0.03051   0.01394   0.04704   0.07280   0.00592   0.03344   0.02601   0.00000   0.02888   0.03854   0.02336   0.01399   0.03002   0.00615   0.01980   0.00000   0.01847   0.01997   0.02669   0.00946   0.00000   0.03051   0.01875   0.01000   0.02013   0.04857   0.05354   0.06508   0.01966   0.00667   0.00818   0.00000   0.02757   0.02168   0.00000   0.00000   0.01975   0.03043   0.01546   0.00000   0.01353   0.00694   0.00439   0.00874   0.04199   0.00686   0.00746   0.03032   0.01993   0.01291   0.01362   0.00985   0.02751   0.02925   0.03153   0.22930   3.43350   0.27569  
 29 170.6708   2171.858311  x:  0.08249   0.12166   0.10090   0.05559   0.03696   0.03565   0.01842   0.01107   0.03100   0.01193   0.04650   0.07260   0.00904   0.03369   0.02663   0.00000   0.02842   0.03562   0.02433   0.01327   0.03102   0.00707   0.02021   0.00000   0.01934   0.02223   0.02745   0.00995   0.00000   0.02976   0.01671   0.00961   0.02085   0.04652   0.05347   0.06603   0.01981   0.00539   0.00847   0.00000   0.02728   0.02084   0.00000   0.00000   0.01995   0.03038   0.01469   0.00000   0.01302   0.00683   0.00482   0.00847   0.04454   0.00714   0.00716   0.02965   0.02064   0.01503   0.01325   0.00956   0.02712   0.02945   0.03279   0.23702   3.45988   0.27305  
 30 163.9939   2171.598448  x:  0.08373   0.12196   0.10113   0.05649   0.03767   0.03637   0.01804   0.01114   0.03133   0.01234   0.04592   0.07095   0.00620   0.03503   0.02535   0.00000   0.02805   0.03276   0.02592   0.01394   0.03108   0.00694   0.02010   0.00000   0.01892   0.02309   0.02704   0.00855   0.00000   0.02839   0.01430   0.01006   0.01946   0.04497   0.05195   0.06826   0.02004   0.00527   0.00789   0.00000   0.02685   0.02000   0.00000   0.00000   0.02031   0.02994   0.01386   0.00000   0.01344   0.00663   0.00407   0.00804   0.04752   0.00812   0.00782   0.02880   0.02077   0.01579   0.01359   0.00973   0.02730   0.02938   0.03362   0.24263   3.48927   0.27197  
 31 166.5516   2171.291498  x:  0.08814   0.12174   0.09903   0.05555   0.03882   0.03751   0.01916   0.01100   0.03204   0.01323   0.04544   0.06744   0.00699   0.03647   0.02420   0.00000   0.02931   0.03159   0.02809   0.01379   0.03158   0.00760   0.01910   0.00000   0.01969   0.02250   0.02551   0.00808   0.00000   0.02635   0.01676   0.01062   0.01726   0.04444   0.04917   0.07125   0.02007   0.00510   0.00761   0.00000   0.02661   0.02036   0.00000   0.00000   0.02021   0.02911   0.01415   0.00000   0.01233   0.00679   0.00486   0.00880   0.05091   0.00709   0.00768   0.02852   0.02031   0.01249   0.01273   0.01129   0.02861   0.02950   0.03360   0.24785   3.52695   0.27044  
 32 136.3088   2170.873567  x:  0.09637   0.12089   0.09348   0.05425   0.03927   0.03796   0.01666   0.01121   0.03195   0.01096   0.04569   0.06377   0.00689   0.03691   0.02522   0.00000   0.03071   0.03345   0.02669   0.01229   0.03278   0.00883   0.01729   0.00000   0.01936   0.02034   0.02353   0.00703   0.00000   0.02669   0.01650   0.01034   0.01967   0.04634   0.04617   0.07426   0.01970   0.00669   0.00787   0.00000   0.02723   0.02221   0.00000   0.00000   0.01965   0.02907   0.01594   0.00000   0.01432   0.00661   0.00542   0.00880   0.05130   0.00723   0.00801   0.02931   0.02016   0.01551   0.01397   0.01126   0.02822   0.02946   0.03299   0.25211   3.56681   0.27021  
 33 96.9796   2170.562318  x:  0.10115   0.12009   0.08935   0.05341   0.03909   0.03779   0.01383   0.01163   0.03182   0.01426   0.04607   0.06330   0.00745   0.03543   0.02672   0.00000   0.03012   0.03340   0.02459   0.01334   0.03339   0.00956   0.01649   0.00000   0.01902   0.02088   0.02389   0.00716   0.00000   0.02753   0.01293   0.00933   0.01980   0.04691   0.04551   0.07395   0.01987   0.00763   0.00837   0.00000   0.02723   0.02151   0.00000   0.00000   0.02013   0.02948   0.01411   0.00000   0.01227   0.00642   0.00618   0.00889   0.04968   0.00662   0.00804   0.02999   0.02022   0.01529   0.01262   0.01113   0.02666   0.02951   0.03259   0.25300   3.59201   0.27020  
 34 117.0441   2170.291160  x:  0.10221   0.11984   0.08753   0.05359   0.03923   0.03793   0.01200   0.01183   0.03140   0.01148   0.04604   0.06577   0.00674   0.03308   0.02716   0.00000   0.02961   0.03072   0.02387   0.01435   0.03267   0.00965   0.01480   0.00000   0.01942   0.02365   0.02380   0.00675   0.00000   0.02770   0.01374   0.00890   0.01753   0.04566   0.04671   0.07054   0.02023   0.00871   0.00868   0.00000   0.02654   0.01933   0.00000   0.00000   0.02072   0.02992   0.01333   0.00000   0.01323   0.00630   0.00733   0.00865   0.04731   0.00691   0.00832   0.02958   0.02055   0.01384   0.01327   0.01245   0.02596   0.02939   0.03292   0.25093   3.61542   0.27089  
 35 85.3777   2170.099612  x:  0.09954   0.12058   0.08905   0.05516   0.04016   0.03885   0.01232   0.01188   0.03121   0.01288   0.04573   0.06869   0.00688   0.03320   0.02663   0.00000   0.03044   0.03034   0.02524   0.01324   0.03223   0.00974   0.01256   0.00000   0.01895   0.02411   0.02399   0.00567   0.00000   0.02560   0.01339   0.00916   0.01707   0.04443   0.04865   0.06713   0.01991   0.00953   0.00859   0.00000   0.02651   0.02037   0.00000   0.00000   0.02006   0.03030   0.01529   0.00000   0.01264   0.00635   0.00785   0.00879   0.04657   0.00680   0.00831   0.02846   0.02081   0.01526   0.01290   0.01262   0.02753   0.02900   0.03369   0.24749   3.63525   0.27284  
 36 76.8525   2169.987464  x:  0.09526   0.12161   0.09215   0.05584   0.04037   0.03907   0.01217   0.01181   0.03168   0.01188   0.04541   0.06918   0.00673   0.03498   0.02653   0.00000   0.03087   0.03156   0.02619   0.01425   0.03301   0.00995   0.01199   0.00000   0.01934   0.02254   0.02370   0.00563   0.00000   0.02596   0.01258   0.00925   0.01801   0.04418   0.04906   0.06582   0.01981   0.01021   0.00831   0.00000   0.02691   0.02132   0.00000   0.00000   0.02003   0.03025   0.01310   0.00000   0.01263   0.00617   0.00848   0.00878   0.04830   0.00689   0.00871   0.02872   0.02038   0.01451   0.01252   0.01253   0.02793   0.02912   0.03378   0.24397   3.65137   0.27389  
 37 64.2054   2169.923221  x:  0.09111   0.12269   0.09549   0.05555   0.04028   0.03898   0.01113   0.01194   0.03196   0.01225   0.04544   0.06797   0.00680   0.03552   0.02670   0.00000   0.03109   0.03169   0.02528   0.01403   0.03371   0.01004   0.01165   0.00000   0.01863   0.02276   0.02290   0.00578   0.00000   0.02621   0.01296   0.00922   0.01708   0.04502   0.04841   0.06671   0.02009   0.01051   0.00817   0.00000   0.02694   0.01992   0.00000   0.00000   0.02054   0.03023   0.01380   0.00000   0.01222   0.00616   0.00859   0.00874   0.05015   0.00693   0.00857   0.02914   0.02067   0.01484   0.01301   0.01245   0.02724   0.02918   0.03343   0.24100   3.66232   0.27438  
 38 42.6739   2169.903216  x:  0.08968   0.12314   0.09696   0.05531   0.04025   0.03895   0.01139   0.01195   0.03170   0.01234   0.04559   0.06724   0.00677   0.03476   0.02666   0.00000   0.03081   0.03130   0.02475   0.01413   0.03339   0.01008   0.01156   0.00000   0.01887   0.02271   0.02334   0.00579   0.00000   0.02571   0.01263   0.00925   0.01675   0.04536   0.04773   0.06759   0.02000   0.01048   0.00820   0.00000   0.02673   0.02038   0.00000   0.00000   0.02031   0.03019   0.01387   0.00000   0.01308   0.00631   0.00875   0.00883   0.05015   0.00681   0.00851   0.02907   0.02047   0.01490   0.01253   0.01285   0.02696   0.02907   0.03322   0.23968   3.66551   0.27431  
 39 22.4190   2169.894678  x:  0.08930   0.12344   0.09777   0.05519   0.04020   0.03890   0.01132   0.01197   0.03146   0.01223   0.04566   0.06691   0.00674   0.03427   0.02650   0.00000   0.03052   0.03096   0.02481   0.01419   0.03292   0.01010   0.01161   0.00000   0.01902   0.02262   0.02340   0.00571   0.00000   0.02559   0.01276   0.00920   0.01703   0.04526   0.04721   0.06819   0.01993   0.01054   0.00818   0.00000   0.02664   0.02074   0.00000   0.00000   0.02020   0.03012   0.01373   0.00000   0.01246   0.00632   0.00878   0.00880   0.04968   0.00682   0.00856   0.02891   0.02037   0.01500   0.01294   0.01286   0.02698   0.02900   0.03325   0.23887   3.66686   0.27420  
 40 13.1923   2169.887505  x:  0.08954   0.12381   0.09863   0.05518   0.04017   0.03887   0.01098   0.01200   0.03136   0.01229   0.04562   0.06686   0.00686   0.03431   0.02661   0.00000   0.03034   0.03097   0.02521   0.01397   0.03266   0.01015   0.01168   0.00000   0.01886   0.02257   0.02311   0.00565   0.00000   0.02557   0.01281   0.00911   0.01735   0.04474   0.04683   0.06870   0.01998   0.01057   0.00818   0.00000   0.02674   0.02049   0.00000   0.00000   0.02037   0.03003   0.01370   0.00000   0.01271   0.00626   0.00869   0.00876   0.04889   0.00683   0.00854   0.02879   0.02047   0.01476   0.01260   0.01266   0.02716   0.02901   0.03349   0.23789   3.66746   0.27398  
 41  6.2382   2169.876279  x:  0.09046   0.12434   0.09978   0.05534   0.04015   0.03884   0.01131   0.01194   0.03153   0.01232   0.04549   0.06708   0.00675   0.03464   0.02710   0.00000   0.03051   0.03144   0.02524   0.01416   0.03302   0.01030   0.01176   0.00000   0.01908   0.02245   0.02315   0.00569   0.00000   0.02560   0.01256   0.00917   0.01694   0.04428   0.04667   0.06901   0.02005   0.01042   0.00830   0.00000   0.02684   0.02026   0.00000   0.00000   0.02044   0.02998   0.01385   0.00000   0.01274   0.00631   0.00876   0.00889   0.04806   0.00671   0.00852   0.02882   0.02049   0.01484   0.01308   0.01301   0.02704   0.02909   0.03381   0.23619   3.66796   0.27336  
 42  6.4936   2169.854614  x:  0.09225   0.12507   0.10113   0.05552   0.04008   0.03877   0.01123   0.01186   0.03181   0.01217   0.04539   0.06758   0.00660   0.03479   0.02664   0.00000   0.03123   0.03119   0.02455   0.01439   0.03354   0.01050   0.01203   0.00000   0.01904   0.02303   0.02286   0.00567   0.00000   0.02588   0.01289   0.00918   0.01687   0.04480   0.04701   0.06887   0.01994   0.01028   0.00824   0.00000   0.02661   0.02070   0.00000   0.00000   0.02009   0.03001   0.01378   0.00000   0.01247   0.00620   0.00863   0.00882   0.04808   0.00669   0.00863   0.02895   0.02045   0.01527   0.01232   0.01298   0.02682   0.02909   0.03372   0.23308   3.67055   0.27254  
 43  9.7120   2169.831395  x:  0.09349   0.12541   0.10165   0.05566   0.04022   0.03891   0.01102   0.01184   0.03173   0.01228   0.04550   0.06789   0.00688   0.03461   0.02628   0.00000   0.03162   0.03072   0.02418   0.01366   0.03350   0.01067   0.01203   0.00000   0.01912   0.02316   0.02280   0.00565   0.00000   0.02572   0.01235   0.00915   0.01727   0.04562   0.04768   0.06846   0.01988   0.01006   0.00824   0.00000   0.02655   0.02076   0.00000   0.00000   0.02014   0.03016   0.01360   0.00000   0.01278   0.00616   0.00841   0.00877   0.04879   0.00668   0.00857   0.02904   0.02043   0.01450   0.01311   0.01277   0.02695   0.02894   0.03320   0.23032   3.67269   0.27218  
 44 15.7481   2169.775528  x:  0.09409   0.12493   0.10039   0.05609   0.04063   0.03933   0.01082   0.01182   0.03072   0.01225   0.04606   0.06768   0.00666   0.03412   0.02694   0.00000   0.03114   0.03016   0.02500   0.01391   0.03225   0.01095   0.01245   0.00000   0.02009   0.02173   0.02245   0.00558   0.00000   0.02613   0.01241   0.00889   0.01743   0.04636   0.04880   0.06751   0.02013   0.00975   0.00860   0.00000   0.02706   0.01984   0.00000   0.00000   0.02103   0.03049   0.01393   0.00000   0.01262   0.00627   0.00836   0.00905   0.05052   0.00643   0.00864   0.02884   0.02050   0.01529   0.01261   0.01344   0.02714   0.02866   0.03252   0.22588   3.67513   0.27283  
 45 11.0113   2169.615016  x:  0.09154   0.12215   0.09430   0.05653   0.04069   0.03939   0.00973   0.01178   0.03016   0.01272   0.04641   0.06612   0.00654   0.03475   0.02769   0.00000   0.03081   0.03112   0.02555   0.01344   0.03184   0.01168   0.01329   0.00000   0.02030   0.02330   0.02068   0.00569   0.00000   0.02658   0.01251   0.00848   0.01618   0.04424   0.04831   0.06625   0.01979   0.00915   0.00896   0.00000   0.02656   0.02175   0.00000   0.00000   0.01905   0.03013   0.01359   0.00000   0.01313   0.00618   0.00799   0.00924   0.05111   0.00614   0.00854   0.02926   0.02015   0.01531   0.01322   0.01364   0.02610   0.02909   0.03341   0.21818   3.68892   0.27651  
 46 20.3444   2169.398394  x:  0.08791   0.11908   0.08777   0.05715   0.04031   0.03901   0.01094   0.01141   0.03129   0.01168   0.04583   0.06516   0.00656   0.03515   0.02599   0.00000   0.03263   0.03140   0.02346   0.01320   0.03345   0.01223   0.01364   0.00000   0.02095   0.02292   0.02145   0.00494   0.00000   0.02525   0.01189   0.00881   0.01745   0.04367   0.04556   0.06633   0.01999   0.00864   0.00872   0.00000   0.02615   0.02052   0.00000   0.00000   0.02111   0.02978   0.01480   0.00000   0.01230   0.00601   0.00757   0.00902   0.04843   0.00622   0.00902   0.02964   0.02013   0.01437   0.01243   0.01340   0.02593   0.02927   0.03389   0.21166   3.71758   0.28120  
 47 70.2288   2169.121053  x:  0.08622   0.11724   0.08462   0.05801   0.04040   0.03910   0.01117   0.01139   0.03321   0.01345   0.04478   0.06588   0.00667   0.03525   0.02739   0.00000   0.03461   0.02970   0.02328   0.01271   0.03518   0.01189   0.01330   0.00000   0.02153   0.02282   0.02146   0.00482   0.00000   0.02461   0.01384   0.00906   0.01814   0.04576   0.04409   0.06806   0.02017   0.00837   0.00860   0.00000   0.02690   0.01935   0.00000   0.00000   0.02072   0.03017   0.01115   0.00000   0.01345   0.00638   0.00756   0.00930   0.04597   0.00602   0.00900   0.02836   0.02136   0.01620   0.01323   0.01412   0.02819   0.02869   0.03347   0.20968   3.75377   0.28318  
 48 71.9595   2167.932917  x:  0.08452   0.11251   0.07946   0.06329   0.04231   0.04100   0.00715   0.01143   0.03644   0.01096   0.04224   0.07034   0.00729   0.03558   0.03304   0.00000   0.03589   0.02645   0.02677   0.01431   0.03760   0.01045   0.01435   0.00000   0.02166   0.02110   0.02210   0.00650   0.00000   0.02588   0.01116   0.00809   0.01469   0.05335   0.04221   0.07509   0.01981   0.00749   0.00759   0.00000   0.02892   0.02140   0.00000   0.00000   0.01672   0.03145   0.01501   0.00000   0.01201   0.00614   0.00705   0.00859   0.04018   0.00692   0.00869   0.02538   0.02161   0.01347   0.01240   0.01249   0.03232   0.02638   0.03050   0.20958   3.90659   0.28534  
 49 233.2406   2164.766226  x:  0.08748   0.10364   0.07548   0.08322   0.04972   0.04842   0.00977   0.01028   0.02850   0.01226   0.04599   0.08025   0.00722   0.03226   0.02653   0.00000   0.03285   0.04070   0.02849   0.01199   0.03134   0.01095   0.01342   0.00000   0.02409   0.02538   0.01720   0.00862   0.00000   0.02320   0.01359   0.00817   0.01254   0.06224   0.03949   0.08417   0.01881   0.00754   0.00586   0.00000   0.02657   0.02344   0.00000   0.00000   0.02686   0.03154   0.01306   0.00000   0.01230   0.00654   0.00792   0.00782   0.03281   0.00712   0.00827   0.03040   0.01642   0.01442   0.01246   0.00915   0.02597   0.02670   0.03037   0.21894   4.33183   0.28538  
 50 602.6300   2163.699881  x:  0.09066   0.10311   0.07612   0.08802   0.04953   0.04823   0.00969   0.00989   0.02422   0.01235   0.04893   0.08010   0.00755   0.03423   0.02204   0.00000   0.03504   0.04355   0.02088   0.01172   0.02454   0.01137   0.01381   0.00000   0.02599   0.02027   0.01810   0.01002   0.00000   0.02178   0.01356   0.00769   0.01205   0.05860   0.03573   0.07918   0.02031   0.00790   0.00492   0.00000   0.02603   0.01969   0.00000   0.00000   0.02029   0.02928   0.01275   0.00000   0.01208   0.00660   0.00820   0.00743   0.03294   0.00740   0.00815   0.03001   0.02322   0.01412   0.01224   0.00819   0.02675   0.02758   0.03190   0.22331   4.47675   0.28562  
 51 548.3607   2163.470079  x:  0.09260   0.10516   0.07750   0.08907   0.04921   0.04791   0.00899   0.00989   0.02542   0.01247   0.04993   0.07725   0.00778   0.03470   0.02272   0.00000   0.03581   0.04306   0.01862   0.01166   0.02379   0.01128   0.01437   0.00000   0.02588   0.01999   0.01852   0.01072   0.00000   0.02154   0.01372   0.00770   0.01173   0.05635   0.03305   0.07325   0.01979   0.00786   0.00432   0.00000   0.02661   0.01944   0.00000   0.00000   0.02131   0.02957   0.01278   0.00000   0.01225   0.00684   0.00810   0.00738   0.03285   0.00743   0.00817   0.02803   0.01876   0.01477   0.01239   0.00776   0.02860   0.02616   0.03105   0.22506   4.51681   0.28798  
 52 151.8586   2163.396126  x:  0.09297   0.10563   0.07779   0.08933   0.04917   0.04786   0.00892   0.00990   0.02559   0.01248   0.05004   0.07658   0.00781   0.03465   0.02284   0.00000   0.03582   0.04296   0.01851   0.01166   0.02388   0.01123   0.01446   0.00000   0.02583   0.01993   0.01855   0.01080   0.00000   0.02145   0.01376   0.00774   0.01169   0.05614   0.03254   0.07207   0.01975   0.00782   0.00420   0.00245   0.02666   0.01951   0.00000   0.00000   0.02150   0.02970   0.01278   0.00000   0.01227   0.00688   0.00807   0.00737   0.03272   0.00744   0.00819   0.02783   0.01844   0.01483   0.01241   0.00770   0.02868   0.02595   0.03082   0.22537   4.52368   0.28854  
 53 194.8256   2163.329024  x:  0.09392   0.10735   0.07873   0.08989   0.04975   0.04844   0.00888   0.00998   0.02557   0.01243   0.04995   0.07422   0.00789   0.03332   0.02328   0.00000   0.03576   0.04249   0.01971   0.01174   0.02551   0.01091   0.01463   0.00000   0.02545   0.01948   0.01847   0.01089   0.00000   0.02097   0.01388   0.00810   0.01172   0.05615   0.03135   0.06868   0.01983   0.00753   0.00366   0.00272   0.02666   0.02006   0.00000   0.00000   0.02177   0.03075   0.01272   0.00000   0.01227   0.00705   0.00794   0.00730   0.03192   0.00747   0.00829   0.02837   0.01986   0.01480   0.01242   0.00769   0.02750   0.02602   0.03028   0.22608   4.54117   0.29055  
 54 79.9880   2163.324393  x:  0.09395   0.10769   0.07874   0.09008   0.04993   0.04863   0.00889   0.01000   0.02576   0.01242   0.04942   0.07373   0.00791   0.03311   0.02335   0.00000   0.03573   0.04244   0.01978   0.01172   0.02531   0.01090   0.01461   0.00000   0.02545   0.01941   0.01848   0.01086   0.00000   0.02091   0.01387   0.00812   0.01182   0.05650   0.03155   0.06843   0.01989   0.00751   0.00362   0.00276   0.02661   0.01974   0.00000   0.00000   0.02141   0.03064   0.01272   0.00000   0.01225   0.00706   0.00793   0.00730   0.03173   0.00747   0.00831   0.02879   0.01951   0.01482   0.01240   0.00768   0.02750   0.02650   0.03069   0.22613   4.54239   0.29070  
 55  7.7775   2163.321686  x:  0.09388   0.10812   0.07854   0.09026   0.04986   0.04856   0.00885   0.01002   0.02572   0.01244   0.04877   0.07330   0.00789   0.03315   0.02335   0.00000   0.03563   0.04247   0.01961   0.01173   0.02517   0.01092   0.01462   0.00000   0.02547   0.01946   0.01846   0.01090   0.00000   0.02099   0.01386   0.00809   0.01172   0.05664   0.03182   0.06829   0.01986   0.00751   0.00364   0.00274   0.02660   0.01999   0.00000   0.00000   0.02174   0.03039   0.01273   0.00000   0.01227   0.00706   0.00794   0.00730   0.03164   0.00746   0.00829   0.02873   0.01975   0.01480   0.01242   0.00768   0.02772   0.02643   0.03089   0.22615   4.54259   0.29053  
 56  2.2984   2163.313178  x:  0.09362   0.10952   0.07785   0.09064   0.04952   0.04821   0.00906   0.01002   0.02522   0.01246   0.04812   0.07293   0.00786   0.03334   0.02308   0.00000   0.03550   0.04276   0.01981   0.01171   0.02529   0.01097   0.01458   0.00000   0.02550   0.01960   0.01837   0.01086   0.00000   0.02097   0.01387   0.00810   0.01182   0.05678   0.03201   0.06825   0.01992   0.00754   0.00370   0.00268   0.02662   0.01962   0.00000   0.00000   0.02133   0.03050   0.01272   0.00000   0.01225   0.00702   0.00796   0.00728   0.03149   0.00745   0.00830   0.02820   0.01953   0.01475   0.01240   0.00765   0.02743   0.02586   0.03043   0.22615   4.54379   0.29011  
 57  2.4399   2163.260121  x:  0.09260   0.11586   0.07498   0.09117   0.04930   0.04800   0.00921   0.00990   0.02591   0.01242   0.04975   0.07383   0.00787   0.03428   0.02350   0.00000   0.03568   0.04242   0.01994   0.01178   0.02432   0.01099   0.01462   0.00000   0.02552   0.01966   0.01861   0.01084   0.00000   0.02080   0.01397   0.00803   0.01166   0.05677   0.03187   0.06892   0.01973   0.00756   0.00366   0.00271   0.02645   0.02004   0.00000   0.00000   0.02165   0.03173   0.01275   0.00000   0.01227   0.00698   0.00793   0.00727   0.03172   0.00747   0.00826   0.02879   0.01980   0.01475   0.01243   0.00749   0.02743   0.02719   0.02986   0.22615   4.55708   0.28930  
 58  8.7092   2163.153940  x:  0.09178   0.12087   0.07296   0.09049   0.05103   0.04973   0.00923   0.00982   0.02541   0.01241   0.05187   0.07546   0.00788   0.03291   0.02364   0.00000   0.03488   0.04209   0.01929   0.01188   0.02673   0.01092   0.01465   0.00000   0.02550   0.01903   0.01841   0.01109   0.00000   0.02149   0.01401   0.00825   0.01192   0.05637   0.03233   0.06966   0.01997   0.00732   0.00332   0.00305   0.02697   0.01993   0.00000   0.00000   0.02122   0.02966   0.01283   0.00000   0.01231   0.00702   0.00781   0.00718   0.03292   0.00738   0.00830   0.02928   0.01955   0.01464   0.01244   0.00729   0.02833   0.02548   0.03233   0.22611   4.58784   0.28925  
 59 35.6214   2162.237559  x:  0.09357   0.12089   0.07762   0.08954   0.05342   0.05212   0.01047   0.00925   0.02846   0.01292   0.04680   0.07860   0.00802   0.03396   0.02681   0.00000   0.03702   0.04043   0.02046   0.01206   0.02519   0.01106   0.01468   0.00000   0.02574   0.01774   0.02111   0.01160   0.00000   0.02309   0.01522   0.00788   0.01342   0.05459   0.03628   0.07035   0.02002   0.00725   0.00239   0.00386   0.02734   0.02092   0.00000   0.00000   0.02136   0.02369   0.01308   0.00000   0.01281   0.00692   0.00727   0.00688   0.03892   0.00712   0.00824   0.02479   0.01996   0.01441   0.01280   0.00550   0.02098   0.02689   0.02937   0.22771   4.81839   0.29875  
 60 74.4309   2161.245535  x:  0.09615   0.11614   0.08518   0.09026   0.05096   0.04966   0.01349   0.00858   0.02552   0.01308   0.04297   0.07733   0.00771   0.03826   0.02913   0.00000   0.03092   0.03836   0.01906   0.01302   0.02744   0.01145   0.01450   0.00000   0.02683   0.01815   0.02187   0.01144   0.00000   0.02370   0.01646   0.00782   0.01337   0.05377   0.04092   0.07057   0.02006   0.00675   0.00168   0.00450   0.02723   0.02151   0.00000   0.00000   0.01989   0.03280   0.01385   0.00000   0.01309   0.00649   0.00682   0.00624   0.04424   0.00666   0.00813   0.02989   0.02000   0.01396   0.01301   0.00345   0.02621   0.02642   0.02874   0.22939   5.07545   0.30846  
 61 618.3085   2161.137251  x:  0.09664   0.11518   0.08646   0.09217   0.04914   0.04784   0.01428   0.00836   0.02675   0.01296   0.04699   0.07489   0.00757   0.03990   0.02932   0.00000   0.02976   0.03815   0.01997   0.01309   0.02715   0.01149   0.01430   0.00000   0.02704   0.01895   0.02199   0.01116   0.00000   0.02359   0.01656   0.00771   0.01329   0.05665   0.04203   0.06984   0.01854   0.00678   0.00196   0.00421   0.02792   0.02119   0.00000   0.00000   0.01951   0.03189   0.01394   0.00000   0.01303   0.00634   0.00686   0.00619   0.04366   0.00666   0.00816   0.02901   0.02057   0.01325   0.01297   0.00332   0.02604   0.02541   0.03088   0.22975   5.09783   0.30978  
 62 76.5716   2161.130917  x:  0.09665   0.11510   0.08656   0.09243   0.04906   0.04776   0.01431   0.00836   0.02650   0.01294   0.04755   0.07449   0.00756   0.04006   0.02945   0.00000   0.02981   0.03813   0.02000   0.01310   0.02732   0.01148   0.01428   0.00000   0.02703   0.01911   0.02207   0.01113   0.00000   0.02364   0.01657   0.00771   0.01329   0.05684   0.04227   0.06983   0.01957   0.00679   0.00198   0.00418   0.02773   0.02136   0.00000   0.00000   0.01953   0.03161   0.01394   0.00000   0.01302   0.00633   0.00685   0.00619   0.04349   0.00667   0.00817   0.02872   0.02047   0.01321   0.01297   0.00329   0.02624   0.02575   0.03079   0.22977   5.09897   0.30986  
 63 10.8141   2161.129595  x:  0.09662   0.11506   0.08658   0.09250   0.04914   0.04784   0.01428   0.00837   0.02632   0.01293   0.04775   0.07421   0.00757   0.04004   0.02951   0.00000   0.02995   0.03812   0.01998   0.01312   0.02747   0.01147   0.01426   0.00000   0.02701   0.01911   0.02211   0.01115   0.00000   0.02371   0.01655   0.00771   0.01329   0.05668   0.04251   0.06992   0.01929   0.00679   0.00197   0.00420   0.02755   0.02128   0.00000   0.00000   0.01953   0.03146   0.01392   0.00000   0.01302   0.00632   0.00685   0.00618   0.04337   0.00668   0.00817   0.02870   0.02046   0.01324   0.01297   0.00328   0.02640   0.02594   0.03052   0.22975   5.09937   0.30979  
 64  2.3656   2161.125777  x:  0.09653   0.11495   0.08656   0.09257   0.04935   0.04805   0.01426   0.00837   0.02674   0.01292   0.04802   0.07364   0.00757   0.03984   0.02943   0.00000   0.03033   0.03815   0.01993   0.01314   0.02729   0.01147   0.01422   0.00000   0.02700   0.01909   0.02214   0.01119   0.00000   0.02379   0.01653   0.00771   0.01328   0.05619   0.04313   0.07016   0.01947   0.00678   0.00192   0.00424   0.02778   0.02129   0.00000   0.00000   0.01948   0.03172   0.01389   0.00000   0.01301   0.00631   0.00685   0.00616   0.04319   0.00668   0.00815   0.02894   0.02052   0.01330   0.01296   0.00328   0.02631   0.02550   0.03029   0.22970   5.10100   0.30955  
 65  1.7112   2161.056098  x:  0.09646   0.11460   0.08657   0.09197   0.04956   0.04826   0.01425   0.00835   0.02602   0.01287   0.04828   0.07280   0.00751   0.03949   0.02933   0.00000   0.03098   0.03814   0.01925   0.01322   0.02773   0.01152   0.01396   0.00000   0.02701   0.01890   0.02190   0.01134   0.00000   0.02389   0.01651   0.00780   0.01316   0.05593   0.04443   0.07080   0.01914   0.00658   0.00165   0.00448   0.02949   0.02148   0.00000   0.00000   0.01963   0.03409   0.01378   0.00000   0.01300   0.00632   0.00680   0.00609   0.04325   0.00667   0.00820   0.02641   0.02039   0.01300   0.01296   0.00379   0.02561   0.02705   0.03202   0.22962   5.13269   0.30931  
 66  5.4249   2160.657055  x:  0.09789   0.11444   0.08770   0.09259   0.04681   0.04551   0.01438   0.00803   0.02557   0.01301   0.04834   0.07339   0.00716   0.04147   0.03164   0.00000   0.03068   0.03659   0.02052   0.01362   0.02776   0.01147   0.01281   0.00000   0.02816   0.01857   0.02321   0.01090   0.00000   0.02364   0.01700   0.00740   0.01258   0.05590   0.04511   0.07168   0.01999   0.00616   0.00192   0.00429   0.02499   0.02109   0.00000   0.00000   0.01936   0.03219   0.01363   0.00000   0.01319   0.00666   0.00677   0.00631   0.04354   0.00653   0.00824   0.02967   0.02014   0.01391   0.01306   0.00728   0.02618   0.02421   0.03149   0.23051   5.31564   0.31289  
 67 104.6252   2160.619776  x:  0.09805   0.11447   0.08785   0.09306   0.04663   0.04534   0.01473   0.00793   0.02635   0.01296   0.04835   0.07362   0.00705   0.04131   0.03125   0.00000   0.02893   0.03669   0.02006   0.01364   0.02805   0.01157   0.01268   0.00000   0.02837   0.01896   0.02277   0.01070   0.00000   0.02338   0.01705   0.00745   0.01242   0.05565   0.04504   0.07163   0.02011   0.00605   0.00196   0.00420   0.02693   0.02110   0.00000   0.00000   0.01897   0.03103   0.01369   0.00000   0.01317   0.00668   0.00681   0.00633   0.04345   0.00646   0.00829   0.03013   0.02035   0.01406   0.01304   0.00759   0.02670   0.02499   0.02989   0.23062   5.33046   0.31333  
 68 71.7634   2160.619339  x:  0.09805   0.11447   0.08786   0.09308   0.04668   0.04538   0.01475   0.00793   0.02654   0.01295   0.04836   0.07362   0.00704   0.04127   0.03121   0.00000   0.02877   0.03677   0.02001   0.01363   0.02807   0.01159   0.01268   0.00000   0.02838   0.01891   0.02270   0.01070   0.00000   0.02341   0.01704   0.00746   0.01245   0.05565   0.04506   0.07163   0.02011   0.00605   0.00197   0.00419   0.02671   0.02107   0.00000   0.00000   0.01895   0.03110   0.01370   0.00000   0.01317   0.00668   0.00681   0.00634   0.04345   0.00645   0.00829   0.02999   0.02039   0.01405   0.01304   0.00759   0.02674   0.02500   0.02987   0.23063   5.33074   0.31334  
 69  0.9311   2159.980026  x:  0.09402   0.11563   0.08442   0.09038   0.04545   0.04416   0.01246   0.00695   0.02801   0.01323   0.04660   0.07783   0.00564   0.03913   0.02956   0.00000   0.03060   0.03488   0.02083   0.01345   0.02841   0.01167   0.01178   0.00000   0.02843   0.02009   0.02231   0.01063   0.00000   0.02362   0.01615   0.00694   0.01368   0.05150   0.04361   0.07782   0.01967   0.00636   0.00065   0.00538   0.02765   0.02054   0.00000   0.00000   0.02066   0.03065   0.01265   0.00000   0.01313   0.00660   0.00646   0.00613   0.03805   0.00577   0.00828   0.02679   0.02023   0.01530   0.01310   0.00681   0.02572   0.02665   0.03269   0.23344   5.88675   0.31391  
 70  1.2400   2159.822095  x:  0.09345   0.11429   0.08360   0.09024   0.04591   0.04462   0.01269   0.00649   0.02748   0.01316   0.04697   0.07513   0.00677   0.03734   0.02791   0.00000   0.03005   0.03609   0.02122   0.01338   0.02748   0.01203   0.01291   0.00000   0.02752   0.01964   0.02224   0.01061   0.00000   0.02311   0.01598   0.00714   0.01233   0.05245   0.04232   0.07477   0.01987   0.00691   0.00026   0.00577   0.02742   0.02038   0.00000   0.00000   0.02004   0.03028   0.01294   0.00000   0.01299   0.00648   0.00601   0.00614   0.04015   0.00706   0.00800   0.02734   0.02011   0.01441   0.01304   0.00663   0.02608   0.02676   0.03214   0.23049   6.09753   0.31274  
 71  0.1793   2159.784489  x:  0.09433   0.11415   0.08416   0.08963   0.04550   0.04421   0.01257   0.00648   0.02700   0.01299   0.04769   0.07472   0.00661   0.03770   0.02766   0.00000   0.03016   0.03665   0.02065   0.01338   0.02731   0.01179   0.01297   0.00000   0.02661   0.01936   0.02224   0.01020   0.00000   0.02343   0.01582   0.00734   0.01329   0.05360   0.04231   0.07382   0.01992   0.00643   0.00015   0.00594   0.02737   0.02072   0.00000   0.00000   0.01995   0.03024   0.01329   0.00000   0.01313   0.00658   0.00641   0.00661   0.03982   0.00656   0.00793   0.02805   0.02027   0.01423   0.01314   0.00643   0.02608   0.02643   0.03159   0.23125   6.17946   0.31220  
 72  0.0904   2159.774921  x:  0.09482   0.11433   0.08468   0.08866   0.04571   0.04442   0.01286   0.00653   0.02729   0.01295   0.04759   0.07516   0.00658   0.03817   0.02781   0.00000   0.03002   0.03648   0.02072   0.01329   0.02768   0.01174   0.01281   0.00000   0.02587   0.01957   0.02263   0.01006   0.00000   0.02347   0.01588   0.00739   0.01298   0.05357   0.04262   0.07414   0.01992   0.00677   0.00026   0.00586   0.02725   0.02065   0.00000   0.00000   0.02003   0.03030   0.01320   0.00000   0.01302   0.00643   0.00655   0.00660   0.03945   0.00648   0.00784   0.02801   0.02029   0.01432   0.01305   0.00636   0.02638   0.02626   0.03153   0.23072   6.21332   0.31245  
 73  0.0312   2159.773115  x:  0.09503   0.11433   0.08432   0.08843   0.04569   0.04440   0.01284   0.00664   0.02734   0.01298   0.04747   0.07513   0.00656   0.03830   0.02791   0.00000   0.03000   0.03647   0.02077   0.01323   0.02766   0.01163   0.01290   0.00000   0.02563   0.01955   0.02249   0.00995   0.00000   0.02345   0.01590   0.00732   0.01299   0.05347   0.04276   0.07428   0.01991   0.00661   0.00041   0.00572   0.02727   0.02064   0.00000   0.00000   0.02006   0.03038   0.01310   0.00000   0.01301   0.00651   0.00651   0.00650   0.03961   0.00659   0.00781   0.02798   0.02026   0.01444   0.01303   0.00634   0.02634   0.02631   0.03153   0.23086   6.21968   0.31254  
 74  0.0054   2159.772115  x:  0.09472   0.11436   0.08421   0.08856   0.04576   0.04446   0.01290   0.00676   0.02730   0.01297   0.04743   0.07502   0.00661   0.03824   0.02788   0.00000   0.02997   0.03652   0.02073   0.01325   0.02750   0.01163   0.01300   0.00000   0.02550   0.01950   0.02249   0.00991   0.00000   0.02341   0.01598   0.00730   0.01308   0.05334   0.04269   0.07425   0.01991   0.00667   0.00078   0.00534   0.02732   0.02063   0.00000   0.00000   0.02005   0.03033   0.01310   0.00000   0.01303   0.00647   0.00651   0.00648   0.03969   0.00650   0.00783   0.02797   0.02028   0.01442   0.01306   0.00640   0.02634   0.02637   0.03156   0.23068   6.21719   0.31273  
 75  0.0014   2159.771277  x:  0.09480   0.11442   0.08435   0.08874   0.04572   0.04442   0.01286   0.00687   0.02727   0.01296   0.04748   0.07506   0.00658   0.03816   0.02789   0.00000   0.03003   0.03662   0.02067   0.01321   0.02759   0.01159   0.01292   0.00000   0.02557   0.01951   0.02251   0.00987   0.00000   0.02340   0.01597   0.00734   0.01296   0.05341   0.04266   0.07426   0.01991   0.00663   0.00129   0.00482   0.02729   0.02062   0.00000   0.00000   0.02002   0.03030   0.01313   0.00000   0.01301   0.00650   0.00652   0.00649   0.03961   0.00653   0.00784   0.02794   0.02026   0.01435   0.01304   0.00642   0.02624   0.02635   0.03160   0.23059   6.21727   0.31265  
 76  0.0004   2159.770872  x:  0.09490   0.11434   0.08437   0.08872   0.04575   0.04445   0.01286   0.00685   0.02730   0.01297   0.04749   0.07510   0.00659   0.03816   0.02789   0.00000   0.03003   0.03650   0.02075   0.01324   0.02764   0.01161   0.01294   0.00000   0.02566   0.01953   0.02252   0.00991   0.00000   0.02343   0.01593   0.00735   0.01305   0.05339   0.04267   0.07420   0.01991   0.00661   0.00162   0.00451   0.02730   0.02067   0.00000   0.00000   0.02011   0.03036   0.01312   0.00000   0.01301   0.00648   0.00651   0.00651   0.03960   0.00656   0.00785   0.02794   0.02025   0.01441   0.01304   0.00640   0.02633   0.02632   0.03159   0.23066   6.22192   0.31270  
 77  0.0029   2159.770748  x:  0.09486   0.11436   0.08434   0.08865   0.04576   0.04446   0.01284   0.00681   0.02729   0.01296   0.04746   0.07507   0.00659   0.03819   0.02790   0.00000   0.03003   0.03647   0.02075   0.01326   0.02763   0.01161   0.01294   0.00000   0.02567   0.01952   0.02250   0.00993   0.00000   0.02342   0.01592   0.00733   0.01300   0.05340   0.04267   0.07422   0.01991   0.00661   0.00174   0.00440   0.02730   0.02064   0.00000   0.00000   0.02004   0.03037   0.01311   0.00000   0.01302   0.00648   0.00650   0.00652   0.03964   0.00653   0.00784   0.02798   0.02026   0.01440   0.01304   0.00638   0.02631   0.02633   0.03157   0.23079   6.22436   0.31270  
 78  0.0017   2159.770709  x:  0.09482   0.11439   0.08436   0.08861   0.04575   0.04446   0.01285   0.00678   0.02730   0.01296   0.04747   0.07506   0.00658   0.03820   0.02790   0.00000   0.03002   0.03649   0.02073   0.01325   0.02761   0.01161   0.01293   0.00000   0.02565   0.01952   0.02249   0.00995   0.00000   0.02341   0.01593   0.00734   0.01302   0.05340   0.04267   0.07422   0.01991   0.00661   0.00178   0.00436   0.02730   0.02065   0.00000   0.00000   0.02005   0.03035   0.01312   0.00000   0.01302   0.00649   0.00651   0.00650   0.03962   0.00654   0.00783   0.02798   0.02027   0.01439   0.01304   0.00637   0.02631   0.02633   0.03156   0.23071   6.22287   0.31270  
 79  0.0011   2159.770699  x:  0.09484   0.11438   0.08436   0.08861   0.04575   0.04446   0.01285   0.00676   0.02730   0.01296   0.04747   0.07506   0.00658   0.03819   0.02789   0.00000   0.03002   0.03650   0.02074   0.01325   0.02762   0.01160   0.01293   0.00000   0.02564   0.01952   0.02250   0.00994   0.00000   0.02341   0.01593   0.00734   0.01301   0.05341   0.04268   0.07421   0.01991   0.00661   0.00180   0.00434   0.02730   0.02065   0.00000   0.00000   0.02006   0.03035   0.01312   0.00000   0.01302   0.00649   0.00651   0.00651   0.03963   0.00653   0.00784   0.02797   0.02025   0.01439   0.01304   0.00637   0.02631   0.02633   0.03156   0.23072   6.22138   0.31269  
 80  0.0011   2159.770697  x:  0.09484   0.11438   0.08435   0.08861   0.04575   0.04446   0.01285   0.00676   0.02730   0.01296   0.04747   0.07506   0.00658   0.03819   0.02789   0.00000   0.03002   0.03650   0.02074   0.01325   0.02762   0.01159   0.01293   0.00000   0.02563   0.01952   0.02250   0.00994   0.00000   0.02341   0.01593   0.00734   0.01302   0.05340   0.04267   0.07422   0.01991   0.00661   0.00180   0.00434   0.02730   0.02065   0.00000   0.00000   0.02005   0.03035   0.01312   0.00000   0.01302   0.00649   0.00651   0.00651   0.03962   0.00654   0.00784   0.02797   0.02026   0.01440   0.01304   0.00638   0.02631   0.02633   0.03156   0.23072   6.22123   0.31269  
 81  0.0001   2159.770697  x:  0.09484   0.11438   0.08435   0.08862   0.04575   0.04446   0.01285   0.00675   0.02730   0.01296   0.04747   0.07506   0.00658   0.03819   0.02789   0.00000   0.03002   0.03649   0.02074   0.01325   0.02762   0.01159   0.01293   0.00000   0.02563   0.01952   0.02250   0.00994   0.00000   0.02341   0.01593   0.00734   0.01302   0.05340   0.04267   0.07422   0.01991   0.00661   0.00180   0.00434   0.02730   0.02065   0.00000   0.00000   0.02005   0.03035   0.01312   0.00000   0.01302   0.00649   0.00651   0.00651   0.03963   0.00654   0.00784   0.02797   0.02026   0.01439   0.01304   0.00638   0.02631   0.02633   0.03157   0.23072   6.22138   0.31269  
 82  0.0001   2159.770697  x:  0.09484   0.11438   0.08435   0.08862   0.04575   0.04446   0.01285   0.00675   0.02730   0.01296   0.04747   0.07506   0.00658   0.03819   0.02789   0.00000   0.03002   0.03649   0.02074   0.01325   0.02762   0.01159   0.01293   0.00000   0.02563   0.01952   0.02250   0.00994   0.00000   0.02341   0.01593   0.00734   0.01302   0.05340   0.04267   0.07422   0.01991   0.00661   0.00180   0.00434   0.02730   0.02065   0.00000   0.00000   0.02005   0.03035   0.01312   0.00000   0.01302   0.00649   0.00651   0.00651   0.03963   0.00654   0.00784   0.02797   0.02026   0.01439   0.01304   0.00638   0.02631   0.02633   0.03156   0.23072   6.22140   0.31269  
 83  0.0000   2159.770697  x:  0.09484   0.11438   0.08435   0.08862   0.04575   0.04446   0.01285   0.00675   0.02730   0.01296   0.04747   0.07506   0.00658   0.03819   0.02789   0.00000   0.03002   0.03650   0.02074   0.01325   0.02762   0.01159   0.01293   0.00000   0.02564   0.01952   0.02250   0.00994   0.00000   0.02341   0.01593   0.00734   0.01302   0.05340   0.04267   0.07422   0.01991   0.00661   0.00180   0.00434   0.02730   0.02065   0.00000   0.00000   0.02005   0.03035   0.01312   0.00000   0.01302   0.00648   0.00651   0.00651   0.03963   0.00654   0.00784   0.02797   0.02026   0.01439   0.01304   0.00638   0.02631   0.02633   0.03156   0.23072   6.22138   0.31269  
 84  0.0000   2159.770697  x:  0.09484   0.11438   0.08435   0.08862   0.04575   0.04446   0.01285   0.00675   0.02730   0.01296   0.04747   0.07506   0.00658   0.03819   0.02789   0.00000   0.03002   0.03650   0.02074   0.01325   0.02762   0.01159   0.01293   0.00000   0.02564   0.01952   0.02250   0.00994   0.00000   0.02341   0.01593   0.00734   0.01302   0.05340   0.04267   0.07422   0.01991   0.00661   0.00180   0.00434   0.02730   0.02065   0.00000   0.00000   0.02005   0.03035   0.01312   0.00000   0.01302   0.00649   0.00651   0.00651   0.03963   0.00654   0.00784   0.02797   0.02026   0.01439   0.01304   0.00638   0.02631   0.02633   0.03156   0.23072   6.22139   0.31269  
 85  0.0000   2159.770697  x:  0.09484   0.11438   0.08435   0.08862   0.04575   0.04446   0.01285   0.00675   0.02730   0.01296   0.04747   0.07506   0.00658   0.03819   0.02789   0.00000   0.03002   0.03650   0.02074   0.01325   0.02762   0.01159   0.01293   0.00000   0.02564   0.01952   0.02250   0.00994   0.00000   0.02341   0.01593   0.00734   0.01302   0.05340   0.04267   0.07422   0.01991   0.00661   0.00180   0.00434   0.02730   0.02065   0.00000   0.00000   0.02005   0.03035   0.01312   0.00000   0.01302   0.00649   0.00651   0.00651   0.03963   0.00654   0.00784   0.02797   0.02026   0.01439   0.01304   0.00638   0.02631   0.02633   0.03156   0.23072   6.22139   0.31269  